GLfloat vertices5[] = {
        // top (+z)
        -1, -1,  1,
         1, -1,  1,
        -1,  1,  1,
        -1,  1,  1,
         1, -1,  1,
         1,  1,  1, 

        // bottom (-z)
        -1, -1, -1,
        -1,  1, -1,
         1, -1, -1,
         1, -1, -1,
        -1,  1, -1,
         1,  1, -1,

        // right (+x)
         1, -1, -1, 
         1,  1, -1, 
         1, -1,  1, 
         1, -1,  1, 
         1,  1, -1, 
         1,  1,  1, 

        // left (-x)
        -1, -1, -1, 
        -1, -1,  1, 
        -1,  1, -1, 
        -1,  1, -1, 
        -1, -1,  1, 
        -1,  1,  1, 

        // front (+y)
        -1, -1, -1,
         1, -1, -1,
        -1, -1,  1,
        -1, -1,  1,
         1, -1, -1,
         1, -1,  1,

        // back (-y)
        -1,  1, -1,
        -1,  1,  1,
         1,  1, -1,
         1,  1, -1,
        -1,  1,  1,
         1,  1,  1,
    };
     GLushort indices5[] = { 
         0, 1, 2, 
         3, 4, 5,

         6, 7, 8,
         9,10,11,

        12,13,14,
        15,16,17,

        18,19,20,
        21,22,23,

        24,25,26,
        27,28,29,

        30,31,32,
        33,34,35
    };
	
	glVertexAttribPointer(vertexLoc, 3, GL_FLOAT, GL_FALSE, 0, vertices5);
	glDrawElements(GL_TRIANGLES, 36, GL_UNSIGNED_SHORT, indices5);